,ds,trend,yhat_lower,yhat_upper,trend_lower,trend_upper,additive_terms,additive_terms_lower,additive_terms_upper,weekly,weekly_lower,weekly_upper,yearly,yearly_lower,yearly_upper,multiplicative_terms,multiplicative_terms_lower,multiplicative_terms_upper,yhat
1609,2021-05-24,3572.704534781011,3351.194660514154,3690.3659258522775,3572.704534781011,3572.704534781011,-51.6649821921866,-51.6649821921866,-51.6649821921866,10.849245972707289,10.849245972707289,10.849245972707289,-62.51422816489388,-62.51422816489388,-62.51422816489388,0.0,0.0,0.0,3521.0395525888243
1610,2021-05-25,3575.6818329144257,3370.428350146718,3699.151217365599,3575.6818329144257,3575.6818329144257,-46.98896708319263,-46.98896708319263,-46.98896708319263,15.232813725590534,15.232813725590534,15.232813725590534,-62.22178080878317,-62.22178080878317,-62.22178080878317,0.0,0.0,0.0,3528.692865831233
1611,2021-05-26,3578.659131047839,3370.020336017281,3697.7460464004844,3578.659131047839,3578.659131047839,-45.24548582353329,-45.24548582353329,-45.24548582353329,16.33724674152923,16.33724674152923,16.33724674152923,-61.58273256506253,-61.58273256506253,-61.58273256506253,0.0,0.0,0.0,3533.4136452243056
1612,2021-05-27,3581.6364291812524,3382.8325225897315,3711.639872077058,3581.6364291812524,3581.6364291812524,-46.04318209699794,-46.04318209699794,-46.04318209699794,14.562811700348213,14.562811700348213,14.562811700348213,-60.605993797346144,-60.605993797346144,-60.605993797346144,0.0,0.0,0.0,3535.5932470842545
1613,2021-05-28,3584.6137273146655,3379.7859196691597,3695.520763152451,3584.6137273146655,3584.6137273146655,-50.2835084529843,-50.2835084529843,-50.2835084529843,9.02057600600176,9.02057600600176,9.02057600600176,-59.30408445898607,-59.30408445898607,-59.30408445898607,0.0,0.0,0.0,3534.3302188616813
1614,2021-06-01,3596.5229198483225,3406.4273415299817,3720.5260774517856,3596.5229198483225,3596.5229198483225,-35.957940173662735,-35.957940173662735,-35.957940173662735,15.23281372561092,15.23281372561092,15.23281372561092,-51.19075389927366,-51.19075389927366,-51.19075389927366,0.0,0.0,0.0,3560.5649796746598
1615,2021-06-02,3599.5002179817357,3416.7996751257187,3735.2457246674685,3599.5002179817357,3599.5002179817357,-32.20074799341114,-32.20074799341114,-32.20074799341114,16.337246741528308,16.337246741528308,16.337246741528308,-48.53799473493946,-48.53799473493946,-48.53799473493946,0.0,0.0,0.0,3567.2994699883247
1616,2021-06-03,3602.4775161151506,3403.435937160814,3719.431324392108,3602.4775161151506,3602.4775161151506,-31.116181581850377,-31.116181581850377,-31.116181581850377,14.562811700339626,14.562811700339626,14.562811700339626,-45.67899328219,-45.67899328219,-45.67899328219,0.0,0.0,0.0,3571.3613345333
1617,2021-06-04,3605.454814248564,3411.1203492941463,3738.3536454056216,3605.454814248564,3605.454814248564,-33.61461182843176,-33.61461182843176,-33.61461182843176,9.020576005942305,9.020576005942305,9.020576005942305,-42.63518783437406,-42.63518783437406,-42.63518783437406,0.0,0.0,0.0,3571.8402024201323
1618,2021-06-07,3614.386708648806,3428.9188938408715,3755.6636939344594,3614.386708648806,3614.386708648806,-21.74117305396846,-21.74117305396846,-21.74117305396846,10.849245972742793,10.849245972742793,10.849245972742793,-32.59041902671125,-32.59041902671125,-32.59041902671125,0.0,0.0,0.0,3592.6455355948374
1619,2021-06-08,3617.3640067822207,3433.4132794657608,3762.0977864886618,3617.3640067822207,3617.3640067822207,-13.760753604216795,-13.760753604216795,-13.760753604216795,15.232813725602838,15.232813725602838,15.232813725602838,-28.993567329819633,-28.993567329819633,-28.993567329819633,0.0,0.0,0.0,3603.603253178004
1620,2021-06-09,3620.341304915634,3452.9716894957915,3764.4583254383892,3620.341304915634,3620.341304915634,-8.957314468605755,-8.957314468605755,-8.957314468605755,16.33724674152975,16.33724674152975,16.33724674152975,-25.294561210135505,-25.294561210135505,-25.294561210135505,0.0,0.0,0.0,3611.3839904470283
1621,2021-06-10,3623.3186030490474,3442.038325359731,3763.890693787948,3623.3186030490474,3623.3186030490474,-6.93997146932654,-6.93997146932654,-6.93997146932654,14.562811700365197,14.562811700365197,14.562811700365197,-21.502783169691735,-21.502783169691735,-21.502783169691735,0.0,0.0,0.0,3616.378631579721
1622,2021-06-11,3626.2959011824623,3451.014830881308,3774.637684142863,3626.2959011824623,3626.2959011824623,-8.604325409130903,-8.604325409130903,-8.604325409130903,9.020576005939656,9.020576005939656,9.020576005939656,-17.62490141507056,-17.62490141507056,-17.62490141507056,0.0,0.0,0.0,3617.6915757733314
1623,2021-06-14,3635.227795582704,3478.968580641726,3809.9155834758153,3635.227795582704,3635.227795582704,5.346950309387,5.346950309387,5.346950309387,10.849245972773272,10.849245972773272,10.849245972773272,-5.5022956633862705,-5.5022956633862705,-5.5022956633862705,0.0,0.0,0.0,3640.574745892091
1624,2021-06-15,3638.2050937161175,3486.5514597905303,3821.559498563549,3638.2050937161175,3638.2050937161175,13.936734227567197,13.936734227567197,13.936734227567197,15.232813725594749,15.232813725594749,15.232813725594749,-1.296079498027555,-1.296079498027555,-1.296079498027555,0.0,0.0,0.0,3652.141827943685
1625,2021-06-16,3641.1823918495306,3501.3225026135915,3837.9597045664595,3641.1823918495306,3641.1823918495306,19.335923315724195,19.335923315724195,19.335923315724195,16.337246741531196,16.337246741531196,16.337246741531196,2.998676574192998,2.998676574192998,2.998676574192998,0.0,0.0,0.0,3660.518315165255
1626,2021-06-17,3644.1596899829456,3506.2805847426166,3819.505041789738,3644.1596899829456,3644.1596899829456,21.950250096267002,21.950250096267002,21.950250096267002,14.562811700331261,14.562811700331261,14.562811700331261,7.387438395935744,7.387438395935744,7.387438395935744,0.0,0.0,0.0,3666.1099400792127
1627,2021-06-18,3647.136988116359,3515.5820853524483,3820.1836204473884,3647.136988116359,3647.136988116359,20.896861532761967,20.896861532761967,20.896861532761967,9.020576006044006,9.020576006044006,9.020576006044006,11.876285526717961,11.876285526717961,11.876285526717961,0.0,0.0,0.0,3668.0338496491213
1628,2021-06-19,3650.114286249774,3470.7488459921665,3794.8657780449266,3650.114286249774,3650.114286249774,-16.52997833605918,-16.52997833605918,-16.52997833605918,-33.00134837108463,-33.00134837108463,-33.00134837108463,16.471370035025455,16.471370035025455,16.471370035025455,0.0,0.0,0.0,3633.584307913715
1629,2021-06-20,3653.091584383187,3471.57473513177,3801.7212087143907,3653.091584383187,3653.091584383187,-11.822990477691567,-11.822990477691567,-11.822990477691567,-33.00134577507956,-33.00134577507956,-33.00134577507956,21.17835529738798,21.17835529738798,21.17835529738798,0.0,0.0,0.0,3641.2685939054954
1630,2021-06-21,3656.068882516602,3530.9710026674866,3858.6316667889187,3656.068882516602,3656.068882516602,36.85109701957224,36.85109701957224,36.85109701957224,10.849245972803745,10.849245972803745,10.849245972803745,26.001851046768497,26.001851046768497,26.001851046768497,0.0,0.0,0.0,3692.919979536174
1631,2021-06-22,3659.0461806500157,3538.3907178088584,3865.5230039015582,3659.0461806500157,3659.0461806500157,46.177674926779886,46.177674926779886,46.177674926779886,15.23281372562794,15.23281372562794,15.23281372562794,30.944861201151944,30.944861201151944,30.944861201151944,0.0,0.0,0.0,3705.2238555767954
1632,2021-06-23,3662.023478783429,3561.338160026445,3884.6838370778723,3662.023478783429,3662.023478783429,52.3455076168639,52.3455076168639,52.3455076168639,16.337246741527906,16.337246741527906,16.337246741527906,36.008260875336,36.008260875336,36.008260875336,0.0,0.0,0.0,3714.3689864002927
1633,2021-06-24,3665.0007769168437,3562.518753782577,3874.9229064134634,3665.0007769168437,3665.0007769168437,55.75313013376142,55.75313013376142,55.75313013376142,14.562811700339749,14.562811700339749,14.562811700339749,41.19031843342166,41.19031843342166,41.19031843342166,0.0,0.0,0.0,3720.753907050605
1634,2021-06-25,3667.9780750502573,3545.5077231867267,3884.804466985057,3667.9780750502573,3667.9780750502573,55.50685349246963,55.50685349246963,55.50685349246963,9.020576006012954,9.020576006012954,9.020576006012954,46.48627748645668,46.48627748645668,46.48627748645668,0.0,0.0,0.0,3723.4849285427267
1635,2021-06-26,3670.9553731836722,3525.639494123634,3850.29517414332,3670.9553731836722,3670.9553731836722,18.886664028419414,18.886664028419414,18.886664028419414,-33.00134837109837,-33.00134837109837,-33.00134837109837,51.888012399517784,51.888012399517784,51.888012399517784,0.0,0.0,0.0,3689.842037212092
1636,2021-06-27,3673.932671317084,3535.7779780222595,3868.66664964163,3673.932671317084,3673.932671317084,24.382423398554906,24.382423398554906,24.382423398554906,-33.00134577509777,-33.00134577509777,-33.00134577509777,57.383769173652674,57.383769173652674,57.383769173652674,0.0,0.0,0.0,3698.3150947156387
1637,2021-06-28,3676.9099694504976,3576.2423771814338,3910.399925467162,3676.9099694504976,3676.9099694504976,73.80724752299514,73.80724752299514,73.80724752299514,10.849245972672831,10.849245972672831,10.849245972672831,62.95800155032231,62.95800155032231,62.95800155032231,0.0,0.0,0.0,3750.7172169734927
1638,2021-06-29,3679.8872675839125,3606.6941602937754,3918.9765574507705,3679.8872675839125,3679.8872675839125,83.82412361984679,83.82412361984679,83.82412361984679,15.232813725607052,15.232813725607052,15.232813725607052,68.59130989423974,68.59130989423974,68.59130989423974,0.0,0.0,0.0,3763.7113912037594
1639,2021-06-30,3682.8645657173256,3617.906773876719,3924.558070250916,3682.8645657173256,3682.8645657173256,90.59773464149141,90.59773464149141,90.59773464149141,16.337246741529352,16.337246741529352,16.337246741529352,74.26048789996204,74.26048789996204,74.26048789996204,0.0,0.0,0.0,3773.462300358817
1640,2021-07-01,3685.841863850739,3620.0436421261643,3951.830422156718,3685.841863850739,3685.841863850739,94.50149119585589,94.50149119585589,94.50149119585589,14.56281170034824,14.56281170034824,14.56281170034824,79.93867949550766,79.93867949550766,79.93867949550766,0.0,0.0,0.0,3780.343355046595
1641,2021-07-02,3688.819161984154,3620.756273497165,3938.6429165941922,3688.819161984154,3688.819161984154,94.61622155456405,94.61622155456405,94.61622155456405,9.020576005981907,9.020576005981907,9.020576005981907,85.59564554858216,85.59564554858216,85.59564554858216,0.0,0.0,0.0,3783.4353835387183
1642,2021-07-03,3691.796460117567,3595.5648363561245,3913.824636044213,3691.796460117567,3691.796460117567,58.19678881121402,58.19678881121402,58.19678881121402,-33.001348371027795,-33.001348371027795,-33.001348371027795,91.19813718224181,91.19813718224181,91.19813718224181,0.0,0.0,0.0,3749.993248928781
1643,2021-07-04,3694.773758250982,3606.5889276835064,3923.202517781817,3694.773758250982,3694.773758250982,63.709023969953975,63.709023969953975,63.709023969953975,-33.00134577504989,-33.00134577504989,-33.00134577504989,96.71036974500386,96.71036974500386,96.71036974500386,0.0,0.0,0.0,3758.4827822209363
1644,2021-07-05,3697.7510563843957,3654.9767848132196,3985.2763911423704,3697.7510563843957,3697.7510563843957,112.94383479780304,112.94383479780304,112.94383479780304,10.849245972703308,10.849245972703308,10.849245972703308,102.09458882509973,102.09458882509973,102.09458882509973,0.0,0.0,0.0,3810.6948911821987
1645,2021-07-06,3700.7283545178107,3666.141463834194,3971.7363376026447,3700.7283545178107,3700.7283545178107,122.54453093747374,122.54453093747374,122.54453093747374,15.232813725611775,15.232813725611775,15.232813725611775,107.31171721186196,107.31171721186196,107.31171721186196,0.0,0.0,0.0,3823.2728854552843
1646,2021-07-07,3703.7056526512238,3667.6777242745675,3982.2485181988554,3703.7056526512238,3703.7056526512238,128.65931619521692,128.65931619521692,128.65931619521692,16.337246741528432,16.337246741528432,16.337246741528432,112.32206945368847,112.32206945368847,112.32206945368847,0.0,0.0,0.0,3832.3649688464407
1647,2021-07-08,3706.6829507846373,3673.9319890372085,4002.689324127157,3706.6829507846373,3706.6829507846373,131.6489303985877,131.6489303985877,131.6489303985877,14.562811700356727,14.562811700356727,14.562811700356727,117.08611869823098,117.08611869823098,117.08611869823098,0.0,0.0,0.0,3838.331881183225
1648,2021-07-09,3709.6602489180523,3688.198664668367,4003.030859744599,3709.6602489180523,3709.6602489180523,130.5858748810872,130.5858748810872,130.5858748810872,9.020576005979258,9.020576005979258,9.020576005979258,121.56529887510794,121.56529887510794,121.56529887510794,0.0,0.0,0.0,3840.2461237991392
1649,2021-07-10,3712.6375470514654,3643.925400931302,3965.5393333545485,3712.6375470514654,3712.6375470514654,92.72147566954311,92.72147566954311,92.72147566954311,-33.001348371007424,-33.001348371007424,-33.001348371007424,125.72282404055053,125.72282404055053,125.72282404055053,0.0,0.0,0.0,3805.3590227210084
1650,2021-07-11,3715.6148451848803,3643.371988736795,3974.499013990522,3715.6113933221977,3715.6148451848803,96.52316010218213,96.52316010218213,96.52316010218213,-33.00134577500201,-33.00134577500201,-33.00134577500201,129.52450587718417,129.52450587718417,129.52450587718417,0.0,0.0,0.0,3812.1380052870622
1651,2021-07-12,3718.592143318294,3708.8080481349307,4021.007182860727,3718.5234146956445,3718.7292713105094,143.78879593212108,143.78879593212108,143.78879593212108,10.849245972733788,10.849245972733788,10.849245972733788,132.93954995938725,132.93954995938725,132.93954995938725,0.0,0.0,0.0,3862.380939250415
1652,2021-07-13,3721.569441451709,3707.239388870313,4035.270106163799,3721.2980625553205,3721.9411501230743,151.17412519131543,151.17412519131543,151.17412519131543,15.23281372560369,15.23281372560369,15.23281372560369,135.9413114657117,135.9413114657117,135.9413114657117,0.0,0.0,0.0,3872.743566643024
1653,2021-07-14,3724.5467395851206,3712.340271184207,4031.1223074497725,3724.086495416935,3725.04339674816,154.84523829208604,154.84523829208604,154.84523829208604,16.337246741529615,16.337246741529615,16.337246741529615,138.5079915505564,138.5079915505564,138.5079915505564,0.0,0.0,0.0,3879.3919778772065
1654,2021-07-15,3727.524037718534,3727.441707856382,4039.3472274482197,3726.8709678330674,3728.115439336069,155.18606827067734,155.18606827067734,155.18606827067734,14.562811700322795,14.562811700322795,14.562811700322795,140.62325657035456,140.62325657035456,140.62325657035456,0.0,0.0,0.0,3882.7101059892116
1655,2021-07-16,3730.501335851949,3716.04907577213,4041.7857322220107,3729.615288038398,3731.1743133458667,151.29733978173323,151.29733978173323,151.29733978173323,9.020576005919802,9.020576005919802,9.020576005919802,142.2767637758135,142.2767637758135,142.2767637758135,0.0,0.0,0.0,3881.7986756336823
1656,2021-07-17,3733.478633985362,3688.054866623128,4004.6323164097307,3732.2551938521337,3734.301133062124,110.46323053236526,110.46323053236526,110.46323053236526,-33.001348371055265,-33.001348371055265,-33.001348371055265,143.46457890342054,143.46457890342054,143.46457890342054,0.0,0.0,0.0,3843.9418645177275
1657,2021-07-18,3736.455932118777,3687.636016526261,4008.6393378086805,3735.057977221615,3737.355189360995,111.18812751500025,111.18812751500025,111.18812751500025,-33.001345775020226,-33.001345775020226,-33.001345775020226,144.1894732900205,144.1894732900205,144.1894732900205,0.0,0.0,0.0,3847.6440596337775
1658,2021-07-19,3739.4332302521907,3731.0333827403038,4046.667468353814,3737.7079052766003,3740.5944599803684,155.31033661602947,155.31033661602947,155.31033661602947,10.849245972628319,10.849245972628319,10.849245972628319,144.46109064340118,144.46109064340118,144.46109064340118,0.0,0.0,0.0,3894.74356686822
