,ds,trend,yhat_lower,yhat_upper,trend_lower,trend_upper,additive_terms,additive_terms_lower,additive_terms_upper,weekly,weekly_lower,weekly_upper,yearly,yearly_lower,yearly_upper,multiplicative_terms,multiplicative_terms_lower,multiplicative_terms_upper,yhat
1577,2021-05-31,3401.6281546219443,3121.703400933082,3549.704132823822,3401.6281546219443,3401.6281546219443,-51.91213078182742,-51.91213078182742,-51.91213078182742,-34.19319126958647,-34.19319126958647,-34.19319126958647,-17.718939512240954,-17.718939512240954,-17.718939512240954,0.0,0.0,0.0,3349.716023840117
1578,2021-06-01,3404.103701408839,3114.362666717432,3576.326570536241,3404.103701408839,3404.103701408839,-52.52296770517085,-52.52296770517085,-52.52296770517085,-36.60042675661761,-36.60042675661761,-36.60042675661761,-15.922540948553259,-15.922540948553259,-15.922540948553259,0.0,0.0,0.0,3351.580733703668
1579,2021-06-02,3406.579248195734,3149.704856224412,3570.949454013807,3406.579248195734,3406.579248195734,-48.95230158580861,-48.95230158580861,-48.95230158580861,-33.665171173186515,-33.665171173186515,-33.665171173186515,-15.287130412622092,-15.287130412622092,-15.287130412622092,0.0,0.0,0.0,3357.6269466099257
1580,2021-06-03,3409.054794982628,3135.3224576557777,3569.6303780993344,3409.054794982628,3409.054794982628,-43.848509287943614,-43.848509287943614,-43.848509287943614,-28.129625741352374,-28.129625741352374,-28.129625741352374,-15.718883546591238,-15.718883546591238,-15.718883546591238,0.0,0.0,0.0,3365.2062856946845
1581,2021-06-04,3411.5303417695236,3151.276018375161,3580.1785984200546,3411.5303417695236,3411.5303417695236,-44.549143562078655,-44.549143562078655,-44.549143562078655,-27.448823726141093,-27.448823726141093,-27.448823726141093,-17.100319835937558,-17.100319835937558,-17.100319835937558,0.0,0.0,0.0,3366.981198207445
1582,2021-06-07,3418.9569821302075,3147.738361776104,3561.1970131857474,3418.9569821302075,3418.9569821302075,-59.67578381201569,-59.67578381201569,-59.67578381201569,-34.193191269666556,-34.193191269666556,-34.193191269666556,-25.48259254234913,-25.48259254234913,-25.48259254234913,0.0,0.0,0.0,3359.281198318192
1583,2021-06-08,3421.432528917102,3140.9112897742893,3578.0392994644253,3421.432528917102,3421.432528917102,-65.73517349324462,-65.73517349324462,-65.73517349324462,-36.60042675658713,-36.60042675658713,-36.60042675658713,-29.134746736657473,-29.134746736657473,-29.134746736657473,0.0,0.0,0.0,3355.6973554238575
1584,2021-06-09,3423.908075703997,3142.38170663399,3569.6066090319223,3423.908075703997,3423.908075703997,-66.58489736045212,-66.58489736045212,-66.58489736045212,-33.665171173184575,-33.665171173184575,-33.665171173184575,-32.91972618726753,-32.91972618726753,-32.91972618726753,0.0,0.0,0.0,3357.323178343545
1585,2021-06-10,3426.3836224908914,3148.3044154537083,3590.616168574805,3426.3836224908914,3426.3836224908914,-64.78754990047386,-64.78754990047386,-64.78754990047386,-28.129625741429518,-28.129625741429518,-28.129625741429518,-36.65792415904432,-36.65792415904432,-36.65792415904432,0.0,0.0,0.0,3361.5960725904174
1586,2021-06-11,3428.859169277787,3141.3544947852783,3568.266809972451,3428.859169277787,3428.859169277787,-67.62362970872061,-67.62362970872061,-67.62362970872061,-27.448823726147143,-27.448823726147143,-27.448823726147143,-40.17480598257347,-40.17480598257347,-40.17480598257347,0.0,0.0,0.0,3361.235539569066
1587,2021-06-14,3436.2858096384707,3127.5594104722295,3578.144614434941,3436.2858096384707,3436.2858096384707,-82.01040387637481,-82.01040387637481,-82.01040387637481,-34.193191269746634,-34.193191269746634,-34.193191269746634,-47.81721260662818,-47.81721260662818,-47.81721260662818,0.0,0.0,0.0,3354.275405762096
1588,2021-06-15,3438.7613564253656,3132.073974569359,3556.1416767037217,3438.7613564253656,3438.7613564253656,-85.55038665805473,-85.55038665805473,-85.55038665805473,-36.60042675655668,-36.60042675655668,-36.60042675655668,-48.949959901498055,-48.949959901498055,-48.949959901498055,0.0,0.0,0.0,3353.210969767311
1589,2021-06-16,3441.236903212261,3151.9448807568574,3583.3699470447136,3441.236903212261,3441.236903212261,-82.8696877915443,-82.8696877915443,-82.8696877915443,-33.66517117318264,-33.66517117318264,-33.66517117318264,-49.20451661836166,-49.20451661836166,-49.20451661836166,0.0,0.0,0.0,3358.3672154207165
1590,2021-06-17,3443.712449999155,3162.9683545261546,3586.014382500545,3443.712449999155,3443.712449999155,-76.64419094180211,-76.64419094180211,-76.64419094180211,-28.12962574130811,-28.12962574130811,-28.12962574130811,-48.514565200493976,-48.514565200493976,-48.514565200493976,0.0,0.0,0.0,3367.068259057353
1591,2021-06-18,3446.1879967860496,3152.9764018882356,3575.24542915548,3446.1879967860496,3446.1879967860496,-74.28893649383872,-74.28893649383872,-74.28893649383872,-27.448823726387765,-27.448823726387765,-27.448823726387765,-46.84011276745094,-46.84011276745094,-46.84011276745094,0.0,0.0,0.0,3371.899060292211
1592,2021-06-21,3453.6146371467335,3165.888840824441,3589.71507075595,3453.6146371467335,3453.6146371467335,-70.1068952852275,-70.1068952852275,-70.1068952852275,-34.19319126982671,-34.19319126982671,-34.19319126982671,-35.913704015400796,-35.913704015400796,-35.913704015400796,0.0,0.0,0.0,3383.507741861506
1593,2021-06-22,3456.090183933629,3171.3179145194217,3614.0590517566757,3456.090183933629,3456.090183933629,-67.03676167160462,-67.03676167160462,-67.03676167160462,-36.60042675668343,-36.60042675668343,-36.60042675668343,-30.436334914921197,-30.436334914921197,-30.436334914921197,0.0,0.0,0.0,3389.053422262024
1594,2021-06-23,3458.565730720523,3185.016275443263,3608.6754729429044,3458.565730720523,3458.565730720523,-57.83344418671389,-57.83344418671389,-57.83344418671389,-33.66517117317406,-33.66517117317406,-33.66517117317406,-24.16827301353983,-24.16827301353983,-24.16827301353983,0.0,0.0,0.0,3400.732286533809
1595,2021-06-24,3461.0412775074183,3198.31654029116,3621.4716952244744,3461.0412775074183,3461.0412775074183,-45.347078914518356,-45.347078914518356,-45.347078914518356,-28.129625741337723,-28.129625741337723,-28.129625741337723,-17.217453173180633,-17.217453173180633,-17.217453173180633,0.0,0.0,0.0,3415.6941985928997
1596,2021-06-25,3463.5168242943137,3208.433829637938,3620.8542812135765,3463.5168242943137,3463.5168242943137,-37.157734692144565,-37.157734692144565,-37.157734692144565,-27.44882372631147,-27.44882372631147,-27.44882372631147,-9.70891096583309,-9.70891096583309,-9.70891096583309,0.0,0.0,0.0,3426.359089602169
1597,2021-06-26,3465.9923710812086,3332.2695275285496,3766.926794230709,3465.9923710812086,3465.9923710812086,78.23732909162979,78.23732909162979,78.23732909162979,80.01861921103803,80.01861921103803,80.01861921103803,-1.7812901194082378,-1.7812901194082378,-1.7812901194082378,0.0,0.0,0.0,3544.2297001728384
1598,2021-06-27,3468.467917868102,3343.031906500295,3763.8500569759,3468.467917868102,3468.467917868102,86.4355799613397,86.4355799613397,86.4355799613397,80.01861945599595,80.01861945599595,80.01861945599595,6.41696050534374,6.41696050534374,6.41696050534374,0.0,0.0,0.0,3554.9034978294417
1599,2021-06-28,3470.9434646549976,3214.454748513322,3667.837479121962,3470.9434646549976,3470.9434646549976,-19.461593702098472,-19.461593702098472,-19.461593702098472,-34.1931912694856,-34.1931912694856,-34.1931912694856,14.731597567387132,14.731597567387132,14.731597567387132,0.0,0.0,0.0,3451.481870952899
1600,2021-06-29,3473.4190114418925,3245.8159534569627,3670.070027731178,3473.4190114418925,3473.4190114418925,-13.593732417736609,-13.593732417736609,-13.593732417736609,-36.60042675661141,-36.60042675661141,-36.60042675661141,23.006694338874805,23.006694338874805,23.006694338874805,0.0,0.0,0.0,3459.825279024156
1601,2021-06-30,3475.894558228787,3270.588179147084,3697.376445622795,3475.894558228787,3475.894558228787,-2.576427574466224,-2.576427574466224,-2.576427574466224,-33.66517117317211,-33.66517117317211,-33.66517117317211,31.088743598705893,31.088743598705893,31.088743598705893,0.0,0.0,0.0,3473.3181306543206
1602,2021-07-01,3478.3701050156815,3273.8922159808653,3707.0218669719084,3478.3701050156815,3478.3701050156815,10.701019396366613,10.701019396366613,10.701019396366613,-28.129625741367335,-28.129625741367335,-28.129625741367335,38.83064513773395,38.83064513773395,38.83064513773395,0.0,0.0,0.0,3489.071124412048
1603,2021-07-02,3480.8456518025755,3293.9954874821547,3712.238200312809,3480.8456518025755,3480.8456518025755,18.646651252565032,18.646651252565032,18.646651252565032,-27.44882372623519,-27.44882372623519,-27.44882372623519,46.09547497880022,46.09547497880022,46.09547497880022,0.0,0.0,0.0,3499.4923030551404
1604,2021-07-03,3483.321198589471,3408.82210889378,3823.0959781175306,3483.321198589471,3483.321198589471,132.77855961281125,132.77855961281125,132.77855961281125,80.01861921086389,80.01861921086389,80.01861921086389,52.759940401947375,52.759940401947375,52.759940401947375,0.0,0.0,0.0,3616.099758202282
1605,2021-07-04,3485.796745376366,3411.3472709139874,3851.4689135688404,3485.796745376366,3485.796745376366,138.73605378417525,138.73605378417525,138.73605378417525,80.01861945586131,80.01861945586131,80.01861945586131,58.71743432831392,58.71743432831392,58.71743432831392,0.0,0.0,0.0,3624.532799160541
1606,2021-07-05,3488.272292163261,3301.0322981252216,3718.4162295255687,3488.272292163261,3488.272292163261,29.68742301057867,29.68742301057867,29.68742301057867,-34.19319126956569,-34.19319126956569,-34.19319126956569,63.88061428014436,63.88061428014436,63.88061428014436,0.0,0.0,0.0,3517.95971517384
1607,2021-07-06,3490.747838950155,3308.5922690960747,3735.0544973518495,3490.747838950155,3490.747838950155,31.58301789832275,31.58301789832275,31.58301789832275,-36.60042675662252,-36.60042675662252,-36.60042675662252,68.18344465494526,68.18344465494526,68.18344465494526,0.0,0.0,0.0,3522.3308568484777
1608,2021-07-07,3493.2233857370497,3316.5576843628687,3739.03045788569,3493.2233857370497,3493.2233857370497,37.9174848730315,37.9174848730315,37.9174848730315,-33.66517117316685,-33.66517117316685,-33.66517117316685,71.58265604619835,71.58265604619835,71.58265604619835,0.0,0.0,0.0,3531.140870610081
1609,2021-07-08,3495.698932523945,3327.6986763298114,3731.665198135371,3495.698932523945,3495.698932523945,45.92896564970786,45.92896564970786,45.92896564970786,-28.129625741396946,-28.129625741396946,-28.129625741396946,74.05859139110481,74.05859139110481,74.05859139110481,0.0,0.0,0.0,3541.627898173653
1610,2021-07-09,3498.1744793108405,3322.0670651306687,3750.659630400478,3498.1744793108405,3498.1744793108405,48.166601650621594,48.166601650621594,48.166601650621594,-27.44882372624125,-27.44882372624125,-27.44882372624125,75.61542537686283,75.61542537686283,75.61542537686283,0.0,0.0,0.0,3546.341080961462
1611,2021-07-10,3500.6500260977336,3438.17427939254,3877.648291800914,3500.6500260977336,3500.6500260977336,156.29937955045764,156.29937955045764,156.29937955045764,80.01861921079602,80.01861921079602,80.01861921079602,76.2807603396616,76.2807603396616,76.2807603396616,0.0,0.0,0.0,3656.9494056481913
1612,2021-07-11,3503.125572884629,3452.1167420348597,3870.3545658976673,3503.125572884629,3503.125572884629,156.12323783728078,156.12323783728078,156.12323783728078,80.01861945572668,80.01861945572668,80.01861945572668,76.10461838155409,76.10461838155409,76.10461838155409,0.0,0.0,0.0,3659.2488107219096
1613,2021-07-12,3505.6011196715235,3339.3080717813323,3760.508217105223,3505.6011196715235,3505.6011196715235,40.96467390338119,40.96467390338119,40.96467390338119,-34.19319126964576,-34.19319126964576,-34.19319126964576,75.15786517302695,75.15786517302695,75.15786517302695,0.0,0.0,0.0,3546.5657935749045
1614,2021-07-13,3508.0766664584185,3346.2118902421294,3754.09120328758,3508.0766664584185,3508.0766664584185,36.92968872379546,36.92968872379546,36.92968872379546,-36.60042675659204,-36.60042675659204,-36.60042675659204,73.53011548038751,73.53011548038751,73.53011548038751,0.0,0.0,0.0,3545.006355182214
1615,2021-07-14,3510.552213245314,3331.916236116797,3766.5106581777923,3510.552213245314,3510.552213245314,37.66201230743073,37.66201230743073,37.66201230743073,-33.6651711731864,-33.6651711731864,-33.6651711731864,71.32718348061712,71.32718348061712,71.32718348061712,0.0,0.0,0.0,3548.2142255527447
1616,2021-07-15,3513.0277600322074,3326.0562526626136,3756.5829536407023,3512.7788053604404,3513.0277600322074,40.538526325390855,40.538526325390855,40.538526325390855,-28.129625741275536,-28.129625741275536,-28.129625741275536,68.66815206666641,68.66815206666641,68.66815206666641,0.0,0.0,0.0,3553.566286357598
1617,2021-07-16,3515.5033068191024,3324.3724543804833,3752.7445676241928,3515.135166874684,3515.5033068191024,38.23332059949964,38.23332059949964,38.23332059949964,-27.448823726082612,-27.448823726082612,-27.448823726082612,65.68214432558226,65.68214432558226,65.68214432558226,0.0,0.0,0.0,3553.736627418602
1618,2021-07-17,3517.9788536059978,3437.0737381998115,3878.873292264574,3517.2890929533205,3517.9788536059978,142.52350618716667,142.52350618716667,142.52350618716667,80.01861921092983,80.01861921092983,80.01861921092983,62.50488697623688,62.50488697623688,62.50488697623688,0.0,0.0,0.0,3660.5023597931645
1619,2021-07-18,3520.4544003928927,3448.726020420466,3864.037622116756,3519.2476862798776,3520.570432541777,139.29377909146973,139.29377909146973,139.29377909146973,80.0186194557908,80.0186194557908,80.0186194557908,59.27515963567896,59.27515963567896,59.27515963567896,0.0,0.0,0.0,3659.7481794843625
1620,2021-07-19,3522.9299471797863,3334.309776622367,3755.1053474279893,3521.2627986958837,3523.31863080755,21.938033997229972,21.938033997229972,21.938033997229972,-34.19319126938285,-34.19319126938285,-34.19319126938285,56.13122526661282,56.13122526661282,56.13122526661282,0.0,0.0,0.0,3544.867981177016
1621,2021-07-20,3525.4054939666817,3320.600147503747,3746.1315479707373,3523.3052889731725,3525.9056997279085,16.606909285811724,16.606909285811724,16.606909285811724,-36.60042675660315,-36.60042675660315,-36.60042675660315,53.20733604241487,53.20733604241487,53.20733604241487,0.0,0.0,0.0,3542.012403252493
1622,2021-07-21,3527.8810407535766,3328.330571680314,3766.8603031361495,3525.29892151386,3528.516236884988,16.96523404313643,16.96523404313643,16.96523404313643,-33.66517117318114,-33.66517117318114,-33.66517117318114,50.63040521631758,50.63040521631758,50.63040521631758,0.0,0.0,0.0,3544.846274796713
1623,2021-07-22,3530.356587540472,3342.9630818740548,3770.655392212543,3527.3147967527975,3531.1546497570953,20.387303797910477,20.387303797910477,20.387303797910477,-28.129625741257602,-28.129625741257602,-28.129625741257602,48.51692953916809,48.51692953916809,48.51692953916809,0.0,0.0,0.0,3550.7438913383826
1624,2021-07-23,3532.8321343273665,3325.7458420877315,3775.820321039972,3529.2423677312313,3533.8357243455057,19.52141480806139,19.52141480806139,19.52141480806139,-27.44882372608868,-27.44882372608868,-27.44882372608868,46.970238534150084,46.970238534150084,46.970238534150084,0.0,0.0,0.0,3552.353549135428
1625,2021-07-24,3535.3076811142605,3438.5570372987113,3869.9404950457742,3531.4400760618073,3536.634592517242,126.09675598063316,126.09675598063316,126.09675598063316,80.01861921096275,80.01861921096275,80.01861921096275,46.078136769670394,46.078136769670394,46.078136769670394,0.0,0.0,0.0,3661.4044370948936
1626,2021-07-25,3537.783227901155,3449.006068868833,3865.0030099929045,3533.2381042335296,3539.4225005414346,125.92961293796554,125.92961293796554,125.92961293796554,80.01861945597496,80.01861945597496,80.01861945597496,45.9109934819906,45.9109934819906,45.9109934819906,0.0,0.0,0.0,3663.7128408391204
